,0,1,2,3,4,5,6,7,8,9,10,11,12,13,14,15,16,17,18,19,20,21,22,23,24,25,26,27,28,29,30,31,32,33,34,35,36,37,38,39,40
0,-0.07692307692307693,-0.25,-0.7182130584192439,-0.07142857142857142,-0.07142857142857142,-0.07142857142857142,-0.010101010101010102,-0.11111111111111112,0.24242424242424243,0.0,0.01234567901234568,-5.053435114503818,-0.11111111111111112,-0.29870129870129875,-0.0003012653143201446,-0.003745318352059925,-0.0018295870360690014,-0.03717472118959108,-0.2184873949579832,-0.0021505376344086026,-0.00026673779674579886,-0.010224948875255624,-0.006493506493506493,-0.020833333333333332,-0.01075268817204301,-0.03773584905660377,-0.0020202020202020206,-2.2727789267937906e-05,-0.08308157099697885,-0.0738255033557047,-0.05263157894736842,-0.00022732439190725168,-0.019698725376593278,-0.00043084877208099956,0.6927906976744185,1.0,0.0,1.0,0.9912889433020767,0.0,0.0
1,0.27692307692307694,0.9875,-0.7182130584192439,0.5321428571428571,0.3392857142857143,-0.07142857142857142,0.15151515151515152,-0.11111111111111112,0.24242424242424243,0.0,0.01234567901234568,-5.053435114503818,-0.11111111111111112,-0.29870129870129875,-0.0003012653143201446,-0.003745318352059925,-0.0018295870360690014,-0.03717472118959108,-0.2184873949579832,-0.0021505376344086026,-0.00026673779674579886,-0.010224948875255624,-0.006493506493506493,-0.020833333333333332,-0.01075268817204301,-0.03773584905660377,-0.0020202020202020206,-2.2727789267937906e-05,-0.08308157099697885,-0.0738255033557047,-0.05263157894736842,-0.00022732439190725168,-0.019698725376593278,-0.00043084877208099956,0.6927906976744185,1.0,0.0,1.0,0.9912889433020767,0.0029850746268656717,0.0
2,0.23076923076923078,0.9875,-0.7182130584192439,0.45000000000000007,0.27142857142857146,-0.07142857142857142,0.1717171717171717,-0.11111111111111112,0.24242424242424243,0.0,0.01234567901234568,-5.053435114503818,-0.11111111111111112,-0.29870129870129875,-0.0003012653143201446,-0.003745318352059925,-0.0018295870360690014,-0.03717472118959108,-0.2184873949579832,-0.0021505376344086026,-0.00026673779674579886,-0.010224948875255624,-0.006493506493506493,-0.020833333333333332,-0.01075268817204301,-0.03773584905660377,-0.0020202020202020206,-2.2727789267937906e-05,-0.08308157099697885,-0.0738255033557047,-0.05263157894736842,-0.00022732439190725168,-0.019698725376593278,-0.00043084877208099956,0.6927906976744185,1.0,0.0,1.0,0.9912889433020767,0.005970149253731344,0.0
3,0.23461538461538461,0.9937500000000001,0.5381443298969073,0.5035714285714286,0.3059642857142857,-0.07142857142857142,0.1414141414141414,-0.11111111111111112,0.24242424242424243,0.0,0.01234567901234568,-5.053435114503818,-0.11111111111111112,-0.29870129870129875,-0.0003012653143201446,-0.003745318352059925,-0.0018295870360690014,-0.03717472118959108,-0.2184873949579832,-0.0021505376344086026,-0.00026673779674579886,-0.010224948875255624,-0.006493506493506493,-0.020833333333333332,-0.01075268817204301,-0.03773584905660377,-0.0020202020202020206,-2.2727789267937906e-05,-0.08308157099697885,-0.0738255033557047,-0.05263157894736842,-0.00022732439190725168,-0.019698725376593278,-0.00043084877208099956,0.6927906976744185,1.0,0.0,1.0,0.9912889433020767,0.008955223880597015,0.0
4,0.22307692307692312,1.0,0.5327033218785797,0.4928571428571429,0.2785714285714286,-0.07142857142857142,0.15151515151515152,-0.11111111111111112,0.24242424242424243,0.0,0.01234567901234568,-5.053435114503818,-0.11111111111111112,-0.29870129870129875,-0.0003012653143201446,-0.003745318352059925,-0.0018295870360690014,-0.03717472118959108,-0.2184873949579832,-0.0021505376344086026,-0.00026673779674579886,-0.010224948875255624,-0.006493506493506493,-0.020833333333333332,-0.01075268817204301,-0.03773584905660377,-0.0020202020202020206,-2.2727789267937906e-05,-0.08308157099697885,-0.0738255033557047,-0.05263157894736842,-0.00022732439190725168,-0.019698725376593278,-0.00043084877208099956,0.6927906976744185,1.0,0.0,1.0,0.9912889433020767,0.011940298507462687,0.0
5,0.20769230769230768,1.0,0.5272623138602519,0.5071428571428571,0.30000000000000004,-0.07142857142857142,0.1717171717171717,-0.11111111111111112,0.24242424242424243,0.0,0.01234567901234568,-5.053435114503818,-0.11111111111111112,-0.29870129870129875,-0.0003012653143201446,-0.003745318352059925,-0.0018295870360690014,-0.03717472118959108,-0.2184873949579832,-0.0021505376344086026,-0.00026673779674579886,-0.010224948875255624,-0.006493506493506493,-0.020833333333333332,-0.01075268817204301,-0.03773584905660377,-0.0020202020202020206,-2.2727789267937906e-05,-0.08308157099697885,-0.0738255033557047,-0.05263157894736842,-0.00022732439190725168,-0.019698725376593278,-0.00043084877208099956,0.6927906976744185,1.0,0.0,1.0,0.9912889433020767,0.01492537313432836,0.0
6,0.22307692307692312,0.9875,0.5218213058419243,0.4714285714285714,0.27382142857142855,-0.07142857142857142,0.18181818181818182,-0.11111111111111112,0.24242424242424243,0.0,0.01234567901234568,-5.053435114503818,-0.11111111111111112,-0.29870129870129875,-0.0003012653143201446,-0.003745318352059925,-0.0018295870360690014,-0.03717472118959108,-0.2184873949579832,-0.0021505376344086026,-0.00026673779674579886,-0.010224948875255624,-0.006493506493506493,-0.020833333333333332,-0.01075268817204301,-0.03773584905660377,-0.0020202020202020206,-2.2727789267937906e-05,-0.08308157099697885,-0.0738255033557047,-0.05263157894736842,-0.00022732439190725168,-0.019698725376593278,-0.00043084877208099956,0.6927906976744185,1.0,0.0,1.0,0.9912889433020767,0.01791044776119403,0.0
7,0.23461538461538461,1.0,0.516380297823597,0.38749999999999996,0.28035714285714286,-0.07142857142857142,0.19191919191919193,-0.11111111111111112,0.24242424242424243,0.0,0.01234567901234568,-5.053435114503818,-0.11111111111111112,-0.29870129870129875,-0.0003012653143201446,-0.003745318352059925,-0.0018295870360690014,-0.03717472118959108,-0.2184873949579832,-0.0021505376344086026,-0.00026673779674579886,-0.010224948875255624,-0.006493506493506493,-0.020833333333333332,-0.01075268817204301,-0.03773584905660377,-0.0020202020202020206,-2.2727789267937906e-05,-0.08308157099697885,-0.0738255033557047,-0.05263157894736842,-0.00022732439190725168,-0.019698725376593278,-0.00043084877208099956,0.6927906976744185,1.0,0.0,1.0,0.9912889433020767,0.020895522388059702,0.0
8,0.23846153846153845,0.9875,0.5109392898052691,0.5303571428571429,0.30000000000000004,-0.07142857142857142,0.19191919191919193,-0.11111111111111112,0.24242424242424243,0.0,0.01234567901234568,-5.053435114503818,-0.11111111111111112,-0.29870129870129875,-0.0003012653143201446,-0.003745318352059925,-0.0018295870360690014,-0.03717472118959108,-0.2184873949579832,-0.0021505376344086026,-0.00026673779674579886,-0.010224948875255624,-0.006493506493506493,-0.020833333333333332,-0.01075268817204301,-0.03773584905660377,-0.0020202020202020206,-2.2727789267937906e-05,-0.08308157099697885,-0.0738255033557047,-0.05263157894736842,-0.00022732439190725168,-0.019698725376593278,-0.00043084877208099956,0.6927906976744185,1.0,0.0,1.0,0.9912889433020767,0.023880597014925373,0.0
9,0.22307692307692312,0.9875,0.5054982817869416,0.4714285714285714,0.29046428571428573,-0.07142857142857142,0.16161616161616163,-0.11111111111111112,0.24242424242424243,0.0,0.01234567901234568,-5.053435114503818,-0.11111111111111112,-0.29870129870129875,-0.0003012653143201446,-0.003745318352059925,-0.0018295870360690014,-0.03717472118959108,-0.2184873949579832,-0.0021505376344086026,-0.00026673779674579886,-0.010224948875255624,-0.006493506493506493,-0.020833333333333332,-0.01075268817204301,-0.03773584905660377,-0.0020202020202020206,-2.2727789267937906e-05,-0.08308157099697885,-0.0738255033557047,-0.05263157894736842,-0.00022732439190725168,-0.019698725376593278,-0.00043084877208099956,0.6927906976744185,1.0,0.0,1.0,0.9912889433020767,0.026865671641791045,0.0
10,0.21923076923076923,0.9875,0.5096907216494844,0.5642857142857143,0.30000000000000004,-0.07142857142857142,0.1717171717171717,-0.11111111111111112,0.24242424242424243,0.0,0.01234567901234568,0.5801526717557257,0.33333333333333337,0.974025974025974,-0.0003012653143201446,-0.003745318352059925,-0.0018295870360690014,-0.03717472118959108,-0.2184873949579832,-0.0021505376344086026,-0.00026673779674579886,0.15644171779141106,-0.006493506493506493,-0.020833333333333332,-0.01075268817204301,-0.03773584905660377,-0.0020202020202020206,-2.2727789267937906e-05,0.47583081570996977,0.3355704697986577,-0.05263157894736842,-0.00022732439190725168,-0.019698725376593278,-0.00043084877208099956,0.6927906976744185,1.0,0.0,1.0,0.9912889433020767,0.029850746268656716,0.0
11,0.21923076923076923,0.9437500000000001,0.5138831615120274,0.48750000000000004,0.2898928571428572,-0.07142857142857142,0.16666666666666669,-0.11111111111111112,0.24242424242424243,0.509090909090909,0.01234567901234568,0.5801526717557257,0.33333333333333337,0.974025974025974,-0.0003012653143201446,0.04119850187265917,-0.0018295870360690014,0.28252788104089216,0.6470588235294117,0.015053763440860218,-0.00026673779674579886,0.14314928425357873,-0.006493506493506493,0.14583333333333331,0.17204301075268816,0.10566037735849057,-0.0020202020202020206,-2.2727789267937906e-05,0.4728096676737159,0.3322147651006711,-0.05263157894736842,0.023869061150261425,-0.019698725376593278,0.11848341232227488,0.6927906976744185,1.0,0.0,1.0,0.9912889433020767,0.03283582089552239,0.0
12,0.22307692307692312,1.0,0.5180756013745704,0.5428571428571428,0.32617857142857143,-0.07142857142857142,0.15151515151515152,-0.11111111111111112,0.24242424242424243,0.5098484848484849,0.01234567901234568,0.5801526717557257,0.33333333333333337,0.974025974025974,-0.0003012653143201446,0.04088639200998751,-0.0018295870360690014,0.2812887236679058,0.6474089635854342,0.014964157706093193,-0.00026673779674579886,0.14336230402181324,-0.006493506493506493,0.14713541666666666,0.1711469534050179,0.10550314465408805,-0.0020202020202020206,-2.2727789267937906e-05,0.4716137965760321,0.3315156599552572,-0.05263157894736842,0.023850117450935824,-0.019698725376593278,0.11859112451529513,0.6927906976744185,1.0,0.0,1.0,0.9912889433020767,0.035820895522388055,0.0
13,0.22692307692307695,0.9750000000000001,0.5222680412371132,0.5,0.28096428571428567,-0.07142857142857142,0.20202020202020202,-0.11111111111111112,0.24242424242424243,0.5106060606060605,0.01234567901234568,0.5801526717557257,0.33333333333333337,0.974025974025974,-0.0003012653143201446,0.04057428214731586,-0.0018295870360690014,0.28004956629491945,0.6477591036414565,0.014874551971326169,-0.00026673779674579886,0.14357532379004773,-0.006493506493506493,0.14843749999999997,0.17025089605734767,0.10534591194968554,-0.0020202020202020206,-2.2727789267937906e-05,0.4704179254783484,0.3308165548098434,-0.05263157894736842,0.023831173751610216,-0.019698725376593278,0.11869883670831538,0.6927906976744185,1.0,0.0,1.0,0.9912889433020767,0.03880597014925373,0.0
14,0.23076923076923078,0.9875,0.5264604810996563,0.4392857142857143,0.27025,-0.07142857142857142,0.22222222222222224,-0.11111111111111112,0.24242424242424243,0.5113636363636364,0.01234567901234568,0.5801526717557257,0.33333333333333337,0.974025974025974,-0.0003012653143201446,0.040262172284644196,-0.0018295870360690014,0.2788104089219331,0.6481092436974789,0.01478494623655914,-0.00026673779674579886,0.1437883435582822,-0.006493506493506493,0.14973958333333331,0.1693548387096774,0.105188679245283,-0.0020202020202020206,-2.2727789267937906e-05,0.46922205438066455,0.3301174496644295,-0.05263157894736842,0.02381223005228461,-0.019698725376593278,0.11880654890133563,0.6927906976744185,1.0,0.0,1.0,0.9912889433020767,0.0417910447761194,0.0
15,0.23076923076923078,0.9625000000000001,0.5303264604810995,0.525,0.3321428571428572,-0.07142857142857142,0.1717171717171717,-0.11111111111111112,0.24242424242424243,0.5121212121212121,0.01234567901234568,0.5801526717557257,0.33333333333333337,0.974025974025974,-0.0003012653143201446,0.03995006242197253,-0.0018295870360690014,0.27757125154894674,0.6484593837535014,0.014695340501792116,-0.00026673779674579886,0.14400136332651672,-0.006493506493506493,0.15104166666666666,0.16845878136200715,0.10503144654088051,-0.0020202020202020206,-2.2727789267937906e-05,0.46802618328298085,0.32941834451901564,-0.05263157894736842,0.02379328635295901,-0.019698725376593278,0.11891426109435589,0.6927906976744185,1.0,0.0,1.0,0.9912889433020767,0.04477611940298507,0.0
16,0.24615384615384617,0.9875,0.5341924398625428,0.5642857142857143,0.33332142857142855,-0.07142857142857142,0.24242424242424243,-0.11111111111111112,0.24242424242424243,0.5128787878787878,0.01234567901234568,0.5801526717557257,0.33333333333333337,0.974025974025974,-0.0003012653143201446,0.039637952559300874,-0.0018295870360690014,0.2763320941759604,0.6488095238095237,0.014605734767025091,-0.00026673779674579886,0.14421438309475118,-0.006493506493506493,0.15234374999999997,0.1675627240143369,0.10487421383647799,-0.0020202020202020206,-2.2727789267937906e-05,0.4668303121852969,0.3287192393736018,-0.05263157894736842,0.023774342653633405,-0.019698725376593278,0.11902197328737614,0.6927906976744185,1.0,0.0,1.0,0.9912889433020767,0.04776119402985075,0.0
17,0.23461538461538461,0.9750000000000001,0.5380584192439863,0.5535714285714286,0.2964285714285714,-0.07142857142857142,0.19191919191919193,-0.11111111111111112,0.24242424242424243,0.5136363636363636,0.01234567901234568,0.5801526717557257,0.33333333333333337,0.974025974025974,-0.0003012653143201446,0.03932584269662921,-0.0018295870360690014,0.275092936802974,0.6491596638655461,0.014516129032258067,-0.00026673779674579886,0.1444274028629857,-0.006493506493506493,0.15364583333333331,0.16666666666666666,0.10471698113207548,-0.0020202020202020206,-2.2727789267937906e-05,0.4656344410876132,0.32802013422818793,-0.05263157894736842,0.023755398954307803,-0.019698725376593278,0.11912968548039639,0.6927906976744185,1.0,0.0,1.0,0.9912889433020767,0.050746268656716415,0.0
18,0.21923076923076923,0.9625000000000001,0.5419243986254296,0.5392857142857143,0.2773928571428571,-0.07142857142857142,0.22222222222222224,-0.11111111111111112,0.24242424242424243,0.5143939393939394,0.01234567901234568,0.5801526717557257,0.33333333333333337,0.974025974025974,-0.0003012653143201446,0.03901373283395755,-0.0018295870360690014,0.2738537794299876,0.6495098039215687,0.014426523297491042,-0.00026673779674579886,0.1446404226312202,-0.006493506493506493,0.15494791666666663,0.1657706093189964,0.10455974842767296,-0.0020202020202020206,-2.2727789267937906e-05,0.4644385699899294,0.327321029082774,-0.05263157894736842,0.023736455254982195,-0.019698725376593278,0.11923739767341664,0.6927906976744185,1.0,0.0,1.0,0.9912889433020767,0.05373134328358209,0.0
19,0.22307692307692312,0.95625,0.5376288659793815,0.4982142857142857,0.2696428571428572,-0.07142857142857142,0.21717171717171718,-0.11111111111111112,0.24242424242424243,0.5151515151515151,0.01234567901234568,0.5801526717557257,0.33333333333333337,0.974025974025974,-0.0003012653143201446,0.03870162297128589,-0.0018295870360690014,0.2726146220570012,0.649859943977591,0.014336917562724014,-0.00026673779674579886,0.14485344239945466,-0.006493506493506493,0.15624999999999997,0.16487455197132614,0.10440251572327044,-0.0020202020202020206,-2.2727789267937906e-05,0.4632426988922457,0.32662192393736017,-0.05263157894736842,0.023717511555656594,-0.019698725376593278,0.11934510986643689,0.6927906976744185,1.0,0.0,1.0,0.9912889433020767,0.05671641791044776,0.0
20,0.22692307692307695,0.9500000000000002,0.5333333333333334,0.4571428571428572,0.26189285714285715,-0.07142857142857142,0.21212121212121213,-0.11111111111111112,0.24242424242424243,0.5159090909090909,0.01234567901234568,0.5801526717557257,0.33333333333333337,0.974025974025974,-0.0003012653143201446,0.03838951310861423,-0.0018295870360690014,0.27137546468401486,0.6502100840336134,0.01424731182795699,-0.00026673779674579886,0.14506646216768918,-0.006493506493506493,0.1575520833333333,0.1639784946236559,0.10424528301886793,-0.0020202020202020206,-2.2727789267937906e-05,0.46204682779456185,0.3259228187919463,-0.05263157894736842,0.02369856785633099,-0.019698725376593278,0.11945282205945713,0.6927906976744185,1.0,0.0,1.0,0.9912889433020767,0.059701492537313425,0.0
21,0.22692307692307695,0.96875,0.5290378006872853,0.4446428571428571,0.25773214285714285,-0.07142857142857142,0.19191919191919193,-0.11111111111111112,0.24242424242424243,0.5166666666666667,0.01234567901234568,0.5801526717557257,0.33333333333333337,0.974025974025974,-0.0003012653143201446,0.03807740324594257,-0.0018295870360690014,0.27013630731102845,0.6505602240896359,0.014157706093189965,-0.00026673779674579886,0.14527948193592366,-0.006493506493506493,0.15885416666666666,0.16308243727598565,0.10408805031446541,-0.0020202020202020206,-2.2727789267937906e-05,0.46085095669687803,0.3252237136465324,-0.05263157894736842,0.02367962415700538,-0.019698725376593278,0.11956053425247738,0.6927906976744185,1.0,0.0,1.0,0.9912889433020767,0.0626865671641791,0.0
22,0.22692307692307695,0.9875,0.524742268041237,0.43214285714285716,0.25357142857142856,-0.07142857142857142,0.1717171717171717,-0.11111111111111112,0.24242424242424243,0.5174242424242423,0.01234567901234568,0.5801526717557257,0.33333333333333337,0.974025974025974,-0.0003012653143201446,0.03776529338327091,-0.0018295870360690014,0.2688971499380421,0.6509103641456582,0.01406810035842294,-0.00026673779674579886,0.14549250170415814,-0.006493506493506493,0.16015624999999997,0.16218637992831542,0.1039308176100629,-0.0020202020202020206,-2.2727789267937906e-05,0.4596550855991943,0.3245246085011186,-0.05263157894736842,0.02366068045767978,-0.019698725376593278,0.11966824644549763,0.6927906976744185,1.0,0.0,1.0,0.9912889433020767,0.06567164179104477,0.0
23,0.2153846153846154,0.9875,0.5323883161512026,0.43392857142857144,0.2470178571428571,-0.07142857142857142,0.1717171717171717,-0.11111111111111112,0.24242424242424243,0.5181818181818182,0.01234567901234568,0.5801526717557257,0.33333333333333337,0.974025974025974,-0.0003012653143201446,0.03745318352059925,-0.0018295870360690014,0.26765799256505574,0.6512605042016806,0.013978494623655913,-0.00026673779674579886,0.14570552147239266,-0.006493506493506493,0.16145833333333331,0.16129032258064516,0.10377358490566038,-0.0020202020202020206,-2.2727789267937906e-05,0.4584592145015104,0.3238255033557047,-0.05263157894736842,0.023641736758354175,-0.019698725376593278,0.11977595863851788,0.6927906976744185,1.0,0.0,1.0,0.9912889433020767,0.06865671641791045,0.0
24,0.20384615384615384,0.9875,0.5400343642611685,0.4357142857142857,0.2404642857142857,-0.07142857142857142,0.1717171717171717,-0.11111111111111112,0.24242424242424243,0.5189393939393939,0.01234567901234568,0.5801526717557257,0.33333333333333337,0.974025974025974,-0.0003012653143201446,0.037141073657927584,-0.0018295870360690014,0.2664188351920694,0.6516106442577031,0.013888888888888888,-0.00026673779674579886,0.14591854124062714,-0.006493506493506493,0.16276041666666663,0.1603942652329749,0.10361635220125787,-0.0020202020202020206,-2.2727789267937906e-05,0.4572633434038267,0.32312639821029077,-0.05263157894736842,0.023622793059028573,-0.019698725376593278,0.11988367083153813,0.6927906976744185,1.0,0.0,1.0,0.9912889433020767,0.07164179104477612,0.0
25,0.20384615384615384,0.9625000000000001,0.5476804123711341,0.4625,0.25535714285714284,-0.07142857142857142,0.18181818181818182,-0.11111111111111112,0.24242424242424243,0.5196969696969697,0.01234567901234568,0.5801526717557257,0.33333333333333337,0.974025974025974,-0.0003012653143201446,0.03682896379525593,-0.0018295870360690014,0.265179677819083,0.6519607843137254,0.013799283154121864,-0.00026673779674579886,0.14613156100886163,-0.006493506493506493,0.16406249999999997,0.15949820788530464,0.10345911949685535,-0.0020202020202020206,-2.2727789267937906e-05,0.45606747230614286,0.32242729306487694,-0.05263157894736842,0.02360384935970297,-0.019698725376593278,0.11999138302455839,0.6927906976744185,1.0,0.0,1.0,0.9912889433020767,0.07462686567164178,0.0
26,0.20384615384615384,0.9375,0.5553264604810997,0.4892857142857143,0.27025,-0.07142857142857142,0.19191919191919193,-0.11111111111111112,0.24242424242424243,0.5204545454545454,0.01234567901234568,0.5801526717557257,0.33333333333333337,0.974025974025974,-0.0003012653143201446,0.03651685393258427,-0.0018295870360690014,0.26394052044609667,0.6523109243697479,0.013709677419354839,-0.00026673779674579886,0.1463445807770961,-0.006493506493506493,0.16536458333333331,0.1586021505376344,0.10330188679245284,-0.0020202020202020206,-2.2727789267937906e-05,0.45487160120845915,0.32172818791946306,-0.05263157894736842,0.02358490566037736,-0.019698725376593278,0.12009909521757864,0.6927906976744185,1.0,0.0,1.0,0.9912889433020767,0.07761194029850746,0.0
27,0.21153846153846156,0.9625000000000001,0.5576460481099654,0.4910714285714286,0.27560714285714283,-0.07142857142857142,0.19191919191919193,-0.11111111111111112,0.24242424242424243,0.5212121212121212,0.01234567901234568,0.5801526717557257,0.33333333333333337,0.974025974025974,-0.0003012653143201446,0.03620474406991261,-0.0018295870360690014,0.26270136307311026,0.6526610644257703,0.013620071684587814,-0.00026673779674579886,0.14655760054533062,-0.006493506493506493,0.16666666666666666,0.15770609318996415,0.10314465408805032,-0.0020202020202020206,-2.2727789267937906e-05,0.45367573011077533,0.3210290827740492,-0.05263157894736842,0.02356596196105176,-0.019698725376593278,0.12020680741059889,0.6927906976744185,1.0,0.0,1.0,0.9912889433020767,0.08059701492537313,0.0
28,0.21923076923076923,0.9875,0.5599656357388316,0.4928571428571429,0.28096428571428567,-0.07142857142857142,0.19191919191919193,-0.11111111111111112,0.24242424242424243,0.521969696969697,0.01234567901234568,0.5801526717557257,0.33333333333333337,0.974025974025974,-0.0003012653143201446,0.035892634207240946,-0.0018295870360690014,0.2614622057001239,0.6530112044817926,0.013530465949820786,-0.00026673779674579886,0.1467706203135651,-0.006493506493506493,0.16796874999999997,0.1568100358422939,0.1029874213836478,-0.0020202020202020206,-2.2727789267937906e-05,0.4524798590130915,0.32032997762863535,-0.05263157894736842,0.023547018261726154,-0.019698725376593278,0.12031451960361914,0.6927906976744185,1.0,0.0,1.0,0.9912889433020767,0.08358208955223881,0.0
29,0.2153846153846154,0.9875,0.5622852233676976,0.5089285714285714,0.28035714285714286,-0.07142857142857142,0.20202020202020202,-0.11111111111111112,0.24242424242424243,0.5227272727272727,0.01234567901234568,0.5801526717557257,0.33333333333333337,0.974025974025974,-0.0003012653143201446,0.035580524344569285,-0.0018295870360690014,0.26022304832713755,0.6533613445378151,0.013440860215053764,-0.00026673779674579886,0.1469836400817996,-0.006493506493506493,0.16927083333333331,0.15591397849462366,0.10283018867924529,-0.0020202020202020206,-2.2727789267937906e-05,0.4512839879154078,0.3196308724832215,-0.05263157894736842,0.02352807456240055,-0.019698725376593278,0.12042223179663938,0.6927906976744185,1.0,0.0,1.0,0.9912889433020767,0.08656716417910447,0.0
30,0.21153846153846156,0.9875,0.5646048109965636,0.525,0.27974999999999994,-0.07142857142857142,0.21212121212121213,-0.11111111111111112,0.24242424242424243,0.5234848484848484,0.01234567901234568,0.5801526717557257,0.33333333333333337,0.974025974025974,-0.0003012653143201446,0.035268414481897624,-0.0018295870360690014,0.2589838909541512,0.6537114845938375,0.013351254480286739,-0.00026673779674579886,0.1471966598500341,-0.006493506493506493,0.17057291666666663,0.1550179211469534,0.10267295597484277,-0.0020202020202020206,-2.2727789267937906e-05,0.450088116817724,0.3189317673378076,-0.05263157894736842,0.023509130863074944,-0.019698725376593278,0.12052994398965963,0.6927906976744185,1.0,0.0,1.0,0.9912889433020767,0.08955223880597014,0.0
31,0.22692307692307695,0.9875,0.5632302405498282,0.525,0.3035714285714286,-0.07142857142857142,0.16161616161616163,-0.11111111111111112,0.24242424242424243,0.5242424242424242,0.01234567901234568,0.5801526717557257,0.33333333333333337,0.974025974025974,-0.0003012653143201446,0.03495630461922597,-0.0018295870360690014,0.25774473358116484,0.6540616246498598,0.013261648745519715,-0.00026673779674579886,0.14740967961826856,-0.006493506493506493,0.17187499999999997,0.15412186379928314,0.10251572327044026,-0.0020202020202020206,-2.2727789267937906e-05,0.4488922457200403,0.31823266219239377,-0.05263157894736842,0.02349018716374934,-0.019698725376593278,0.12063765618267988,0.6927906976744185,1.0,0.0,1.0,0.9912889433020767,0.09253731343283582,0.0
32,0.24615384615384617,0.9750000000000001,0.5618556701030928,0.5714285714285714,0.30714285714285716,-0.07142857142857142,0.24242424242424243,-0.11111111111111112,0.24242424242424243,0.525,0.01234567901234568,0.5801526717557257,0.33333333333333337,0.974025974025974,-0.0003012653143201446,0.03464419475655431,-0.0018295870360690014,0.25650557620817843,0.6544117647058824,0.013172043010752687,-0.00026673779674579886,0.14762269938650308,-0.006493506493506493,0.1731770833333333,0.15322580645161288,0.10235849056603774,-0.0020202020202020206,-2.2727789267937906e-05,0.44769637462235634,0.31753355704697983,-0.05263157894736842,0.02347124346442374,-0.019698725376593278,0.12074536837570013,0.6927906976744185,1.0,0.0,1.0,0.9912889433020767,0.0955223880597015,0.0
33,0.24038461538461542,0.9875,0.5604810996563574,0.5410714285714285,0.2946428571428571,-0.07142857142857142,0.23232323232323232,-0.11111111111111112,0.24242424242424243,0.5257575757575758,0.01234567901234568,0.5801526717557257,0.33333333333333337,0.974025974025974,-0.0003012653143201446,0.03433208489388264,-0.0018295870360690014,0.2552664188351921,0.6547619047619048,0.013082437275985662,-0.00026673779674579886,0.1478357191547376,-0.006493506493506493,0.17447916666666663,0.15232974910394265,0.10220125786163523,-0.0020202020202020206,-2.2727789267937906e-05,0.44650050352467263,0.31683445190156595,-0.05263157894736842,0.023452299765098134,-0.019698725376593278,0.12085308056872038,0.6927906976744185,1.0,0.0,1.0,0.9912889433020767,0.09850746268656717,0.0
34,0.23461538461538461,0.9875,0.559106529209622,0.5107142857142857,0.28214285714285714,-0.07142857142857142,0.22222222222222224,-0.11111111111111112,0.24242424242424243,0.5265151515151515,0.01234567901234568,0.5801526717557257,0.33333333333333337,0.974025974025974,-0.0003012653143201446,0.034019975031210986,-0.0018295870360690014,0.25402726146220567,0.6551120448179271,0.012992831541218637,-0.00026673779674579886,0.14804873892297205,-0.006493506493506493,0.17578124999999997,0.1514336917562724,0.10204402515723271,-0.0020202020202020206,-2.2727789267937906e-05,0.4453046324269888,0.3161353467561521,-0.05263157894736842,0.02343335606577253,-0.019698725376593278,0.12096079276174063,0.6927906976744185,1.0,0.0,1.0,0.9912889433020767,0.10149253731343283,0.0
35,0.22884615384615387,0.9875,0.5634020618556701,0.4910714285714286,0.2720178571428571,-0.07142857142857142,0.21717171717171718,-0.11111111111111112,0.24242424242424243,0.5272727272727272,0.01234567901234568,0.5801526717557257,0.33333333333333337,0.974025974025974,-0.0003012653143201446,0.033707865168539325,-0.0018295870360690014,0.2527881040892193,0.6554621848739496,0.012903225806451613,-0.00026673779674579886,0.14826175869120656,-0.006493506493506493,0.1770833333333333,0.15053763440860213,0.1018867924528302,-0.0020202020202020206,-2.2727789267937906e-05,0.4441087613293051,0.31543624161073824,-0.05263157894736842,0.023414412366446924,-0.019698725376593278,0.12106850495476089,0.6927906976744185,1.0,0.0,1.0,0.9912889433020767,0.1044776119402985,0.0
36,0.22307692307692312,0.9875,0.5676975945017182,0.4714285714285714,0.26189285714285715,-0.07142857142857142,0.21212121212121213,-0.11111111111111112,0.24242424242424243,0.5272727272727272,0.01234567901234568,0.5801526717557257,0.33333333333333337,0.974025974025974,-0.0003012653143201446,0.033707865168539325,-0.0018295870360690014,0.2527881040892193,0.6554621848739496,0.012903225806451613,-0.00026673779674579886,0.14826175869120656,-0.006493506493506493,0.1770833333333333,0.15053763440860213,0.1018867924528302,-0.0020202020202020206,-2.2727789267937906e-05,0.4441087613293051,0.31543624161073824,-0.05263157894736842,0.023414412366446924,-0.019698725376593278,0.12106850495476089,0.6927906976744185,1.0,0.0,1.0,0.9912889433020767,0.10746268656716418,0.0
37,0.22500000000000003,0.9875,0.5719931271477663,0.4821428571428572,0.2630892857142857,-0.07142857142857142,0.21717171717171718,-0.11111111111111112,0.24242424242424243,0.5272727272727272,0.01234567901234568,0.5801526717557257,0.33333333333333337,0.974025974025974,-0.0003012653143201446,0.033707865168539325,-0.0018295870360690014,0.2527881040892193,0.6554621848739496,0.012903225806451613,-0.00026673779674579886,0.14826175869120656,-0.006493506493506493,0.1770833333333333,0.15053763440860213,0.1018867924528302,-0.0020202020202020206,-2.2727789267937906e-05,0.4441087613293051,0.31543624161073824,-0.05263157894736842,0.023414412366446924,-0.019698725376593278,0.12106850495476089,0.6927906976744185,1.0,0.0,1.0,0.9912889433020767,0.11044776119402985,0.0
38,0.22692307692307695,0.9875,0.5762886597938144,0.4928571428571429,0.26428571428571423,-0.07142857142857142,0.22222222222222224,-0.11111111111111112,0.24242424242424243,0.5272727272727272,0.01234567901234568,0.5801526717557257,0.33333333333333337,0.974025974025974,-0.0003012653143201446,0.033707865168539325,-0.0018295870360690014,0.2527881040892193,0.6554621848739496,0.012903225806451613,-0.00026673779674579886,0.14826175869120656,-0.006493506493506493,0.1770833333333333,0.15053763440860213,0.1018867924528302,-0.0020202020202020206,-2.2727789267937906e-05,0.4441087613293051,0.31543624161073824,-0.05263157894736842,0.023414412366446924,-0.019698725376593278,0.12106850495476089,0.6927906976744185,1.0,0.0,1.0,0.9912889433020767,0.11343283582089551,0.0
39,0.23846153846153845,0.9625000000000001,0.5710481099656357,0.5142857142857143,0.27142857142857146,-0.07142857142857142,0.21212121212121213,-0.11111111111111112,0.24242424242424243,0.5272727272727272,0.01234567901234568,0.5801526717557257,0.33333333333333337,0.974025974025974,-0.0003012653143201446,0.033707865168539325,-0.0018295870360690014,0.2527881040892193,0.6554621848739496,0.012903225806451613,-0.00026673779674579886,0.14826175869120656,-0.006493506493506493,0.1770833333333333,0.15053763440860213,0.1018867924528302,-0.0020202020202020206,-2.2727789267937906e-05,0.4441087613293051,0.31543624161073824,-0.05263157894736842,0.023414412366446924,-0.019698725376593278,0.12106850495476089,0.6927906976744185,1.0,0.0,1.0,0.9912889433020767,0.11641791044776119,0.0
40,0.22692307692307695,0.9750000000000001,0.565807560137457,0.5071428571428571,0.2523928571428572,-0.07142857142857142,0.22222222222222224,-0.11111111111111112,0.24242424242424243,0.5272727272727272,0.01234567901234568,0.5801526717557257,0.33333333333333337,0.974025974025974,-0.0003012653143201446,0.033707865168539325,-0.0018295870360690014,0.2527881040892193,0.6554621848739496,0.012903225806451613,-0.00026673779674579886,0.14826175869120656,-0.006493506493506493,0.1770833333333333,0.15053763440860213,0.1018867924528302,-0.0020202020202020206,-2.2727789267937906e-05,0.4441087613293051,0.31543624161073824,-0.05263157894736842,0.023414412366446924,-0.019698725376593278,0.12106850495476089,0.6927906976744185,1.0,0.0,1.0,0.9912889433020767,0.11940298507462686,0.0
41,0.22307692307692312,0.9875,0.5605670103092786,0.5607142857142857,0.32025000000000003,-0.07142857142857142,0.18181818181818182,-0.11111111111111112,0.24242424242424243,0.5272727272727272,0.01234567901234568,0.5801526717557257,0.33333333333333337,0.974025974025974,-0.0003012653143201446,0.033707865168539325,-0.0018295870360690014,0.2527881040892193,0.6554621848739496,0.012903225806451613,-0.00026673779674579886,0.14826175869120656,-0.006493506493506493,0.1770833333333333,0.15053763440860213,0.1018867924528302,-0.0020202020202020206,-2.2727789267937906e-05,0.4441087613293051,0.31543624161073824,-0.05263157894736842,0.023414412366446924,-0.019698725376593278,0.12106850495476089,0.6927906976744185,1.0,0.0,1.0,0.9912889433020767,0.12238805970149252,0.0
42,0.21923076923076923,0.9750000000000001,0.5553264604810997,0.6071428571428572,0.3285714285714285,-0.07142857142857142,0.19191919191919193,-0.11111111111111112,0.24242424242424243,0.5272727272727272,0.01234567901234568,0.5801526717557257,0.33333333333333337,0.974025974025974,-0.0003012653143201446,0.033707865168539325,-0.0018295870360690014,0.2527881040892193,0.6554621848739496,0.012903225806451613,-0.00026673779674579886,0.14826175869120656,-0.006493506493506493,0.1770833333333333,0.15053763440860213,0.1018867924528302,-0.0020202020202020206,-2.2727789267937906e-05,0.4441087613293051,0.31543624161073824,-0.05263157894736842,0.023414412366446924,-0.019698725376593278,0.12106850495476089,0.6927906976744185,1.0,0.0,1.0,0.9912889433020767,0.1253731343283582,0.0
43,0.22500000000000003,0.9812500000000002,0.5548109965635739,0.5339285714285714,0.2993928571428571,-0.07142857142857142,0.21717171717171718,-0.11111111111111112,0.24242424242424243,0.5272727272727272,0.01234567901234568,0.5801526717557257,0.33333333333333337,0.974025974025974,-0.0003012653143201446,0.033707865168539325,-0.0018295870360690014,0.2527881040892193,0.6554621848739496,0.012903225806451613,-0.00026673779674579886,0.14826175869120656,-0.006493506493506493,0.1770833333333333,0.15053763440860213,0.1018867924528302,-0.0020202020202020206,-2.2727789267937906e-05,0.4441087613293051,0.31543624161073824,-0.05263157894736842,0.023414412366446924,-0.019698725376593278,0.12106850495476089,0.6927906976744185,1.0,0.0,1.0,0.9912889433020767,0.12835820895522387,0.0
44,0.20769230769230768,0.9750000000000001,0.5542955326460481,0.5321428571428571,0.27974999999999994,-0.07142857142857142,0.20202020202020202,-0.11111111111111112,0.24242424242424243,0.5272727272727272,0.01234567901234568,0.5801526717557257,0.33333333333333337,0.974025974025974,-0.0003012653143201446,0.033707865168539325,-0.0018295870360690014,0.2527881040892193,0.6554621848739496,0.012903225806451613,-0.00026673779674579886,0.14826175869120656,-0.006493506493506493,0.1770833333333333,0.15053763440860213,0.1018867924528302,-0.0020202020202020206,-2.2727789267937906e-05,0.4441087613293051,0.31543624161073824,-0.05263157894736842,0.023414412366446924,-0.019698725376593278,0.12106850495476089,0.6927906976744185,1.0,0.0,1.0,0.9912889433020767,0.13134328358208955,0.0
45,0.21153846153846156,0.96875,0.5537800687285224,0.5625,0.3029642857142857,-0.07142857142857142,0.196969696969697,-0.11111111111111112,0.24242424242424243,0.5272727272727272,0.01234567901234568,0.5801526717557257,0.33333333333333337,0.974025974025974,-0.0003012653143201446,0.033707865168539325,-0.0018295870360690014,0.2527881040892193,0.6554621848739496,0.012903225806451613,-0.00026673779674579886,0.14826175869120656,-0.006493506493506493,0.1770833333333333,0.15053763440860213,0.1018867924528302,-0.0020202020202020206,-2.2727789267937906e-05,0.4441087613293051,0.31543624161073824,-0.05263157894736842,0.023414412366446924,-0.019698725376593278,0.12106850495476089,0.6927906976744185,1.0,0.0,1.0,0.9912889433020767,0.13432835820895522,0.0
46,0.2153846153846154,0.9625000000000001,0.5532646048109966,0.5928571428571429,0.32617857142857143,-0.07142857142857142,0.19191919191919193,-0.11111111111111112,0.24242424242424243,0.5272727272727272,0.01234567901234568,0.5801526717557257,0.33333333333333337,0.974025974025974,-0.0003012653143201446,0.033707865168539325,-0.0018295870360690014,0.2527881040892193,0.6554621848739496,0.012903225806451613,-0.00026673779674579886,0.14826175869120656,-0.006493506493506493,0.1770833333333333,0.15053763440860213,0.1018867924528302,-0.0020202020202020206,-2.2727789267937906e-05,0.4441087613293051,0.31543624161073824,-0.05263157894736842,0.023414412366446924,-0.019698725376593278,0.12106850495476089,0.6927906976744185,1.0,0.0,1.0,0.9912889433020767,0.1373134328358209,0.0
47,0.21153846153846156,0.9750000000000001,0.5532646048109966,0.5750000000000001,0.3131071428571428,-0.07142857142857142,0.21212121212121213,-0.11111111111111112,0.24242424242424243,0.5272727272727272,0.01234567901234568,0.5801526717557257,0.33333333333333337,0.974025974025974,-0.0003012653143201446,0.033707865168539325,-0.0018295870360690014,0.2527881040892193,0.6554621848739496,0.012903225806451613,-0.00026673779674579886,0.14826175869120656,-0.006493506493506493,0.1770833333333333,0.15053763440860213,0.1018867924528302,-0.0020202020202020206,-2.2727789267937906e-05,0.4441087613293051,0.31543624161073824,-0.05263157894736842,0.023414412366446924,-0.019698725376593278,0.12106850495476089,0.6927906976744185,1.0,0.0,1.0,0.9912889433020767,0.14029850746268657,0.0
48,0.21923076923076923,0.9750000000000001,0.5532646048109966,0.5464285714285715,0.28689285714285717,-0.07142857142857142,0.20202020202020202,-0.11111111111111112,0.24242424242424243,0.5272727272727272,0.01234567901234568,0.5801526717557257,0.33333333333333337,0.974025974025974,-0.0003012653143201446,0.033707865168539325,-0.0018295870360690014,0.2527881040892193,0.6554621848739496,0.012903225806451613,-0.00026673779674579886,0.14826175869120656,-0.006493506493506493,0.1770833333333333,0.15053763440860213,0.1018867924528302,-0.0020202020202020206,-2.2727789267937906e-05,0.4441087613293051,0.31543624161073824,-0.05263157894736842,0.023414412366446924,-0.019698725376593278,0.12106850495476089,0.6927906976744185,1.0,0.0,1.0,0.9912889433020767,0.14328358208955225,0.0
49,0.22307692307692312,0.9500000000000002,0.5532646048109966,0.5678571428571428,0.29167857142857145,-0.07142857142857142,0.22222222222222224,-0.11111111111111112,0.24242424242424243,0.5272727272727272,0.01234567901234568,0.5801526717557257,0.33333333333333337,0.974025974025974,-0.0003012653143201446,0.033707865168539325,-0.0018295870360690014,0.2527881040892193,0.6554621848739496,0.012903225806451613,-0.00026673779674579886,0.14826175869120656,-0.006493506493506493,0.1770833333333333,0.15053763440860213,0.1018867924528302,-0.0020202020202020206,-2.2727789267937906e-05,0.4441087613293051,0.31543624161073824,-0.05263157894736842,0.023414412366446924,-0.019698725376593278,0.12106850495476089,0.6927906976744185,1.0,0.0,1.0,0.9912889433020767,0.14626865671641792,0.0
